;
-999.1 0 0 0
-10.1 85 85 85
0.001 116 0 136
0.175 116 0 136
0.25 107 0 147
0.325 97 0 157
0.4 88 0 168
0.475 81 0 175
0.55 74 0 182
0.625 67 0 188
0.7 60 0 195
0.8 54 10 202
0.9 45 21 210
1 37 31 217
1.25 30 42 225
1.5 22 52 237
1.75 15 63 240
2 7 73 247
2.25 0 84 255
2.5 0 112 246
2.75 0 141 237
3 0 169 228
3.25 0 198 220
3.5 0 226 211
3.75 0 255 203
4 0 255 157
4.5 0 255 112
5 0 255 66
5.5 0 255 21
6 50 255 19
6.5 100 255 17
7 150 255 16
7.5 200 255 15
8 209 235 12
8.5 218 215 10
9 227 195 7
10 236 175 5
11 245 155 3
12 255 135 0
13 251 113 0
14 247 92 0
15 242 70 0
16 238 49 0
17 234 27 0
18 230 6 0
19 210 3 0
20 190 0 0
25 170 0 0
30 150 0 0
